0,0
10,1.996
20,8.724
30,15.761
40,22.393
50,31.143
60,38.066
70,45.914
80,55.048
90,62.947
100,70.434
110,77.983
120,84.193
130,91.514
140,93.594
150,93.594
160,113.014
170,116.004
180,127.099
190,127.099
200,133.901
210,133.901
220,148.762
230,156.51
240,166.449
250,168.442
260,179.136
270,180.165
280,192.325
290,194.352
300,194.352
310,205.158
320,217.256
330,221.242
340,232.108
350,239.025
360,240.06
370,252.34
380,254.335
390,265.729
400,266.762
410,279.009
420,282.027
430,282.027
440,293.131
450,293.131
460,312.989
470,315.474
480,330.019
490,330.019
500,344.059
510,352.233
520,352.233
530,370.47
540,379.8
550,389.335
560,397.362
570,407.393
580,415.671
590,417.906
600,417.906
610,434.342
620,434.342
630,446.142
640,446.142
650,460.764
660,460.764
670,473.151
680,473.151
690,487.315
700,487.315
710,501.67
720,514.337
730,516.332
740,516.332
750,530.455
760,530.455
770,551.297
780,551.297
790,565.855
800,565.855
810,579.979
820,579.979
830,595.262
840,595.262
850,608.244
860,608.244
870,622.623
880,622.623
890,636.304
900,636.304
910,651.194
920,651.194
930,663.687
940,663.687
950,685.776
960,693.784
970,703.176
980,711.43
990,719.854
1000,730.837
1010,734.828
1020,744.227
1030,748.408
1040,748.408
1050,758.81
1060,758.81
1070,775.532
1080,775.532
1090,793.751
1100,800.903
1110,803.926
1120,817.712
1130,818.708
1140,832.781
1150,834.809
1160,848.122
1170,849.118
1180,862.925
1190,868.133
1200,879.626
1210,888.163
1220,896.295
1230,903.319
1240,913.172
1250,919.279
1260,925.36
1270,939.225
1280,941.218
1290,954.781
1300,962.761
1310,970.171
1320,971.204
1330,987.009
1340,988.006
1350,1002.38
1360,1003.38
1370,1017.39
1380,1019.38
1390,1032.2
1400,1033.2
1410,1047.3
1420,1048.3
1430,1057.07
1440,1071.8
1450,1080.73
1460,1087.84
1470,1095.97
1480,1104.64
1490,1113.47
1500,1115.46
1510,1129.28
1520,1133.65
1530,1143.12
1540,1144.11
1550,1158.21
1560,1160.21
1570,1172.88
1580,1173.87
1590,1188.03
1600,1190.02
1610,1202.85
1620,1203.85
1630,1217.77
1640,1218.77
1650,1232.7
1660,1235.79
1670,1247.43
1680,1248.42
1690,1262.45
1700,1265.44
1710,1276.38
1720,1280.04
1730,1293.29
1740,1296.42
1750,1307.88
1760,1314.95
1770,1324.95
1780,1332.44
1790,1333.44
1800,1347.71
1810,1350.7
1820,1362.51
1830,1370.89
1840,1376.92
1850,1390.84
1860,1402.22
1870,1408.72
1880,1414.3
1890,1429.08
1900,1430.6
1910,1445.01
1920,1453.06
1930,1454.04
1940,1468.59
1950,1470.59
1960,1483.32
1970,1485.42
1980,1498.29
1990,1514.21
2000,1523.33
2010,1524.32
2020,1538.71
2030,1540.71
2040,1553.69
2050,1556.13
2060,1569.23
2070,1571.28
2080,1584.23
2090,1586.23
2100,1599.16
2110,1600.15
2120,1614.45
2130,1616.44
2140,1628.26
2150,1640.88
2160,1645.91
2170,1656.85
2180,1658.84
2190,1672.32
2200,1674.32
2210,1688.06
2220,1689.06
2230,1703.91
2240,1712.64
2250,1714.64
2260,1728.6
2270,1741.19
2280,1743.18
2290,1756.99
2300,1769.33
2310,1770.32
2320,1785.82
2330,1788.81
2340,1799.52
2350,1808.44
2360,1810.44
2370,1823.9
2380,1824.89
2390,1839.72
2400,1850.69
2410,1851.69
2420,1866.11
2430,1872.33
2440,1884.4
2450,1893.77
2460,1899.81
2470,1912.2
2480,1914.19
2490,1931.08
2500,1933.08
2510,1948.15
2520,1949.15
2530,1964.32
2540,1965.89
2550,1982.89
2560,1994.82
2570,1997.86
2580,2010.1
2590,2018.72
2600,2019.72
2610,2034.89
2620,2041.1
2630,2053.49
2640,2066.13
2650,2079.59
2660,2080.58
2670,2096.18
2680,2097.18
2690,2112.47
2700,2114.47
2710,2128.97
2720,2136.15
2730,2148.82
2740,2150.82
2750,2164.48
2760,2166.47
2770,2181.22
2780,2183.25
2790,2197.74
2800,2199.73
2810,2213.69
2820,2214.69
2830,2229.86
2840,2242.17
2850,2252.53
2860,2261.42
2870,2270.72
2880,2275.87
2890,2287.27
2900,2289.26
2910,2303.14
2920,2312.03
2930,2314.03
2940,2328.56
2950,2332.55
2960,2341.95
2970,2353.15
2980,2355.14
2990,2369.18
3000,2377.84
3010,2387.83
3020,2394.62
3030,2404.8
3040,2415.79
3050,2416.79
3060,2434.09
3070,2435.09
3080,2450.77
3090,2462.97
3100,2463.96
3110,2488.39
3120,2499.7
3130,2510.34
3140,2513.45
3150,2529.18
3160,2531.17
3170,2546.81
3180,2548.61
3190,2564.25
3200,2573.71
3210,2574.71
3220,2590.35
3230,2602.24
3240,2603.24
3250,2621.1
3260,2626.8
3270,2639.44
3280,2640.44
3290,2656.34
3300,2657.34
3310,2672.54
3320,2674.54
3330,2688.34
3340,2689.34
3350,2704.54
3360,2713.8
3370,2714.8
3380,2729.96
3390,2731.95
3400,2745.98
3410,2747.98
3420,2762.11
3430,2771.74
3440,2779.48
3450,2785.86
3460,2786.86
3470,2802.21
3480,2804.21
3490,2819.99
3500,2827.49
3510,2828.49
3520,2843.77
3530,2846.76
3540,2857.18
3550,2868.76
3560,2874.74
3570,2887.41
3580,2896.91
3590,2905.77
3600,2915.44
3610,2923.73
3620,2925.72
3630,2941.58
3640,2942.58
3650,2960.3
3660,2961.3
3670,2976.94
3680,2988.08
3690,2989.08
3700,3006.58
3710,3015.02
3720,3016.03
3730,3033.63
3740,3034.63
3750,3050.27
3760,3061.68
3770,3062.68
3780,3080.69
3790,3091.57
3800,3100.41
3810,3100.41
3820,3113.62
3830,3126.31
3840,3127.31
3850,3143.6
3860,3144.6
3870,3160.01
3880,3162
3890,3176.87
3900,3177.87
3910,3193.73
3920,3194.73
3930,3210.54
3940,3213.25
3950,3226.79
3960,3227.79
3970,3243.61
3980,3244.61
3990,3261.68
4000,3262.68
4010,3278.32
4020,3286.35
4030,3287.35
4040,3303.48
4050,3313.15
4060,3321.23
4070,3323.23
4080,3338.13
4090,3340.12
4100,3355.66
4110,3364.46
4120,3369.05
4130,3382.34
4140,3393.4
4150,3402.48
4160,3411.25
4170,3423.29
4180,3427.43
4190,3442.2
4200,3452.04
4210,3461.83
4220,3471.62
4230,3481.61
4240,3484.13
4250,3499.51
4260,3509.01
4270,3511.88
4280,3526.87
4290,3528.87
4300,3544.01
4310,3545.01
4320,3562.43
4330,3563.43
4340,3579.43
4350,3581.43
4360,3596.74
4370,3597.74
4380,3613.72
4390,3614.72
4400,3631.73
4410,3632.73
4420,3648.39
4430,3656.31
4440,3657.31
4450,3673.06
4460,3683
4470,3691.91
4480,3692.91
4490,3709.95
4500,3712.07
4510,3728.81
4520,3738.03
4530,3739.03
4540,3754.96
4550,3755.96
4560,3772.49
4570,3773.49
4580,3789.02
4590,3790.02
4600,3806.9
4610,3807.9
4620,3823.49
4630,3824.49
4640,3840.21
4650,3841.21
4660,3858.3
4670,3867.14
4680,3877.07
4690,3888.96
4700,3894.12
4710,3904.33
4720,3911.41
4730,3925.54
4740,3927.53
4750,3942.63
4760,3943.63
4770,3959.98
4780,3960.97
4790,3976.76
4800,3979.28
4810,3993.89
4820,3994.89
4830,4011.47
4840,4021.59
4850,4029.85
4860,4038.67
4870,4039.67
4880,4056.54
4890,4057.53
4900,4074.03
4910,4082.37
4920,4092.23
4930,4102.22
4940,4111.15
4950,4114.46
4960,4129.47
4970,4137.19
4980,4145.11
4990,4153.57
5000,4160.6
5010,4162.6
5020,4177.51
5030,4179.03
5040,4194.66
5050,4196.76
5060,4212.11
5070,4214.11
5080,4229.15
5090,4230.15
5100,4246.81
5110,4247.81
5120,4264.06
5130,4265.06
5140,4281.31
5150,4283.31
5160,4298.71
5170,4308.8
5180,4317.21
5190,4326.53
5200,4336.58
5210,4338.57
5220,4354.42
5230,4363.81
5240,4368.91
5250,4381.71
5260,4390.52
5270,4397.07
5280,4410.31
5290,4417.57
5300,4418.6
5310,4435.39
5320,4436.93
5330,4452.77
5340,4460.82
5350,4469.17
5360,4471.16
5370,4486.76
5380,4487.76
5390,4504.47
5400,4510.9
5410,4520.96
5420,4522.95
5430,4538.13
5440,4539.14
5450,4556.66
5460,4563.73
5470,4564.73
5480,4581.59
5490,4582.59
5500,4599.76
5510,4608.23
5520,4616.59
5530,4617.59
5540,4634
5550,4640.89
5560,4651.2
5570,4658.41
5580,4660.41
5590,4676.15
5600,4686.12
5610,4687.12
5620,4703.66
5630,4710.81
5640,4721.81
5650,4723.81
5660,4738.8
5670,4740.79
5680,4756.22
5690,4757.22
5700,4773.8
5710,4774.8
5720,4791.68
5730,4798.62
5740,4799.62
5750,4817.08
5760,4828.9
5770,4829.89
5780,4846.37
5790,4853.17
5800,4854.17
5810,4870.26
5820,4878.39
5830,4892.14
5840,4901.09
5850,4910.23
5860,4914.68
5870,4927.87
5880,4934.51
5890,4935.51
5900,4947.84
5910,4961.75
5920,4971.75
5930,4974.43
5940,4989.13
5950,4990.13
5960,5007.39
5970,5008.39
5980,5025.69
5990,5033.39
6000,5039.85
6010,5041.85
6020,5056.99
6030,5058.99
6040,5074.49
6050,5076.79
6060,5091.74
6070,5092.74
6080,5110.16
6090,5111.16
6100,5128.16
6110,5129.16
6120,5144.88
6130,5145.88
6140,5161.66
6150,5163.66
6160,5178.74
6170,5179.74
6180,5197.17
6190,5203.83
6200,5204.83
6210,5229.44
6220,5232.24
6230,5242.22
6240,5252.45
6250,5261.3
6260,5263.29
6270,5278.71
6280,5280.71
6290,5296.41
6300,5303.16
6310,5310.14
6320,5321.76
6330,5328.47
6340,5329.47
6350,5347.08
6360,5353.72
6370,5354.72
6380,5372.6
6390,5383.26
6400,5393.06
6410,5402.89
6420,5417.42
6430,5420.77
6440,5435.94
6450,5446.19
6460,5447.19
6470,5464.07
6480,5471.6
6490,5478.44
6500,5484.71
6510,5485.71
6520,5501.94
6530,5508.22
6540,5510.21
6550,5525.31
6560,5527.34
6570,5544.11
6580,5551.96
6590,5561.59
6600,5571.15
6610,5581.16
6620,5589.05
6630,5595.57
6640,5601.93
6650,5608.28
6660,5614.6
6670,5620.88
6680,5627.17
6690,5633.48
6700,5635.48
6710,5651.67
6720,5658.33
6730,5664.68
6740,5670.99
6750,5673.42
6760,5688.1
6770,5694.72
6780,5700.96
6790,5707.32
6800,5710.31
6810,5724.16
6820,5730.61
6830,5732.61
6840,5747.95
6850,5754.64
6860,5760.87
6870,5767.18
6880,5769.17
6890,5785.06
6900,5792.59
6910,5801.28
6920,5809.38
6930,5810.38
6940,5828.06
6950,5829.05
6960,5846.59
6970,5853.2
6980,5854.2
6990,5872.14
7000,5882.33
7010,5890.6
7020,5903.58
7030,5912.36
7040,5918.64
7050,5930.38
7060,5931.38
7070,5949.3
7080,5950.28
7090,5966.95
7100,5967.94
7110,5985.18
7120,5986.18
7130,6003.14
7140,6011.02
7150,6017.75
7160,6018.74
7170,6035.79
7180,6036.79
7190,6053.24
7200,6059.89
7210,6060.89
7220,6078.14
7230,6086.18
7240,6092.88
7250,6093.88
7260,6112.68
7270,6121.43
7280,6130.6
7290,6137.73
7300,6144.48
7310,6151.44
7320,6152.44
7330,6169.49
7340,6171.49
7350,6187.05
7360,6194
7370,6195
7380,6213.1
7390,6220.97
7400,6228.01
7410,6230.35
7420,6245.56
7430,6252.54
7440,6253.54
7450,6270.27
7460,6276.85
7470,6277.85
7480,6295.11
7490,6302.61
7500,6310.68
7510,6317.98
7520,6325.94
7530,6332.7
7540,6333.7
7550,6350.58
7560,6351.57
7570,6369.58
7580,6374.58
7590,6385.65
7600,6394.57
7610,6405.73
7620,6417.52
7630,6427.61
7640,6430.6
7650,6445.09
7660,6451.62
7670,6452.64
7680,6470.63
7690,6483.84
7700,6485.84
7710,6502.4
7720,6508.73
7730,6518.61
7740,6525.31
7750,6526.32
7760,6544.91
7770,6553.61
7780,6563.62
7790,6574.01
7800,6582.17
7810,6592.41
7820,6599.58
7830,6606.88
7840,6613.34
7850,6619.76
7860,6626.19
7870,6632.58
7880,6638.99
7890,6640.02
7900,6655.65
7910,6666.59
7920,6673.42
7930,6675.45
7940,6693.32
7950,6700.94
7960,6709.09
7970,6718.77
7980,6725.55
7990,6732.01
8000,6738.39
8010,6739.39
8020,6758.1
8030,6764.2
8040,6770.62
8050,6772.62
8060,6788.3
8070,6795.12
8080,6801.49
8090,6808
8100,6810.44
8110,6826.7
8120,6829.7
8130,6845.38
8140,6852.57
8150,6859.13
8160,6865.84
8170,6876.04
8180,6886.66
8190,6895.78
8200,6906.4
8210,6912.36
8220,6923.69
8230,6930.53
8240,6932.53
8250,6944.49
8260,6962.61
8270,6969.62
8280,6976.75
8290,6985.15
8300,6988.56
8310,7004.32
8320,7013.38
8330,7022.56
8340,7032.72
8350,7041.62
8360,7049.43
8370,7056.98
8380,7063.99
8390,7070.51
8400,7077.02
8410,7083.69
8420,7090.19
8430,7096.78
8440,7106.59
8450,7108.14
8460,7124.61
8470,7131.36
8480,7137.89
8490,7144.4
8500,7150.95
8510,7157.46
8520,7163.93
8530,7165.93
8540,7183.27
8550,7189.4
8560,7195.93
8570,7202.4
8580,7204.43
8590,7220.42
8600,7229.29
8610,7236.57
8620,7243.54
8630,7250.04
8640,7257.1
8650,7266.4
8660,7274.61
8670,7281.43
8680,7287.91
8690,7292.01
8700,7304.84
8710,7308.22
8720,7322.13
8730,7328.83
8740,7335.31
8750,7341.81
8760,7348.33
8770,7354.87
8780,7356.87
8790,7373.13
8800,7382.53
8810,7390.46
8820,7403
8830,7413.16
8840,7423.84
8850,7431.24
8860,7443.4
8870,7444.4
8880,7461.75
8890,7468.86
8900,7475.5
8910,7482.07
8920,7488.45
8930,7496.26
8940,7506.55
8950,7507.55
8960,7524.92
8970,7531.74
8980,7540.63
8990,7550.99
9000,7554.46
9010,7569.82
9020,7581.19
9030,7592.72
9040,7592.72
9050,7613.2
9060,7623.94
9070,7635.07
9080,7636.03
9090,7651.66
9100,7661.28
9110,7663.8
9120,7679.31
9130,7686.17
9140,7692.84
9150,7699.49
9160,7706.12
9170,7713.19
9180,7720.06
9190,7726.86
9200,7733.69
9210,7740.56
9220,7747.5
9230,7754.34
9240,7761.2
9250,7763.19
9260,7781.78
9270,7789.39
9280,7796.46
9290,7803.28
9300,7810.71
9310,7818.99
9320,7826.38
9330,7829.48
9340,7846.28
9350,7857.75
9360,7869.64
9370,7880.9
9380,7892.59
9390,7900.62
9400,7914.33
9410,7923.35
9420,7927.48
9430,7945.58
9440,7956.77
9450,7964.09
9460,7971.3
9470,7978.43
9480,7985.65
9490,7992.9
9500,8000.12
9510,8007.7
9520,8015.31
9530,8017.3
9540,8039.3
9550,8044.71
9560,8056.1
9570,8058.14
9580,8081.19
9590,8090.1
9600,8098.02
9610,8105.73
9620,8108.72
9630,8130.97
9640,8140.91
9650,8148.83
9660,8156.5
9670,8164.17
9680,8171.91
9690,8180.13
9700,8188.48
9710,8200.11
9720,8208
9730,8210
9740,8225.63
9750,8241.26
9760,8249.16
9770,8256.95
9780,8264.65
9790,8272.38
9800,8274.37
9810,8292.31
9820,8306.35
9830,8313.58
9840,8321.47
9850,8329.24
9860,8336.97
9870,8344.58
9880,8352.11
9890,8359.66
9900,8367.21
9910,8376.77
9920,8389.87
9930,8405.95
9940,8412.14
9950,8429.11
9960,8438.08
9970,8445.11
9980,8452.72
9990,8460.56
10000,8468.86
