0,0
10,3.345
20,10.904
30,18.212
40,25.643
50,31.269
60,39.531
70,47.699
80,61.795
90,73.804
100,80.987
110,87.284
120,97.543
130,104.812
140,113.69
150,120.909
160,133.352
170,135.46
180,146.767
190,147.799
200,159.712
210,161.706
220,173.25
230,174.281
240,187.201
250,189.228
260,200.34
270,201.369
280,214.238
290,217.273
300,226.211
310,232.064
320,238.103
330,240.721
340,253.375
350,255.367
360,268.098
370,270.288
380,282.439
390,283.471
400,297.124
410,298.156
420,311.23
430,314.357
440,325.385
450,326.413
460,339.766
470,343.016
480,351.064
490,364.2
500,366.225
510,378.665
520,381.814
530,393.147
540,394.178
550,406.99
560,408.018
570,420.877
580,429.025
590,430.058
600,443.634
610,445.661
620,458.051
630,465.706
640,473.937
650,478.95
660,492.481
670,498.499
680,509.09
690,514.878
700,522.154
710,538.497
720,539.528
730,553.797
740,554.827
750,568.835
760,571.06
770,584.087
780,587.36
790,598.961
800,599.99
810,610.789
820,619.714
830,628.696
840,639.909
850,642.028
860,654.532
870,655.563
880,669.745
890,672.264
900,684.564
910,687.664
920,698.127
930,711.644
940,712.676
950,726.316
960,728.454
970,740.465
980,741.499
990,755.322
1000,757.315
1010,773.775
1020,780.415
1030,781.446
1040,795.327
1050,796.357
1060,810.343
1070,814.507
1080,824.577
1090,829.072
1100,838.92
1110,839.95
1120,854.218
1130,856.211
1140,869.517
1150,870.548
1160,884.805
1170,893.475
1180,901.992
1190,903.026
1200,918.046
1210,925.4
1220,934.73
1230,943.484
1240,944.519
1250,959.23
1260,967.79
1270,976.04
1280,985.55
1290,991.021
1300,1003.52
1310,1012.65
1320,1018.75
1330,1028.05
1340,1039.14
1350,1048.75
1360,1050.78
1370,1064.17
1380,1066.19
1390,1079.58
1400,1081.61
1410,1096.15
1420,1097.15
1430,1112.64
1440,1114.67
1450,1127.59
1460,1129.72
1470,1143.13
1480,1146.24
1490,1159.09
1500,1161.24
1510,1174.78
1520,1183.88
1530,1192.68
1540,1193.72
1550,1208.81
1560,1210.84
1570,1224.49
1580,1227.9
1590,1239.43
1600,1241.55
1610,1255.08
1620,1257.2
1630,1270.66
1640,1272.78
1650,1284.26
1660,1294.66
1670,1296.23
1680,1310.38
1690,1311.41
1700,1326.02
1710,1328.01
1720,1341.18
1730,1342.21
1740,1357.83
1750,1358.86
1760,1373.93
1770,1383.19
1780,1392
1790,1400.84
1800,1401.84
1810,1417.52
1820,1432.29
1830,1445.81
1840,1447.8
1850,1463.99
1860,1471.2
1870,1482.4
1880,1492.26
1890,1501.61
1900,1510.67
1910,1517.88
1920,1518.91
1930,1534.73
1940,1537.79
1950,1548.68
1960,1562.51
1970,1564.54
1980,1578.46
1990,1588.32
2000,1601.38
2010,1604.38
2020,1619.24
2030,1628.45
2040,1635.76
2050,1637.79
2060,1651.44
2070,1653.43
2080,1669.93
2090,1670.92
2100,1688.78
2110,1698.01
2120,1705.28
2130,1706.89
2140,1721.47
2150,1723.49
2160,1737.82
2170,1749.94
2180,1764.24
2190,1768.07
2200,1780.94
2210,1795.02
2220,1797.05
2230,1811.13
2240,1813.16
2250,1828.8
2260,1829.8
2270,1845.54
2280,1846.54
2290,1863.19
2300,1864.19
2310,1879.55
2320,1881.57
2330,1895.84
2340,1897.83
2350,1917.16
2360,1924.47
2370,1925.47
2380,1940.3
2390,1954.64
2400,1955.64
2410,1971.52
2420,1978.6
2430,1990.59
2440,1998.83
2450,2008.15
2460,2015.99
2470,2027.8
2480,2037.68
2490,2047.89
2500,2056.64
2510,2060.63
2520,2073.07
2530,2082.5
2540,2083.5
2550,2099.14
2560,2107
2570,2115.78
2580,2128.84
2590,2132.98
2600,2145.18
2610,2154.28
2620,2155.28
2630,2172.43
2640,2183.54
2650,2191.14
2660,2193.17
2670,2208.56
2680,2210.59
2690,2225.2
2700,2227.2
2710,2241.44
2720,2251.97
2730,2260.62
2740,2267.2
2750,2276.22
2760,2283.24
2770,2291.08
2780,2299.65
2790,2307.9
2800,2314.46
2810,2324.27
2820,2331.91
2830,2337.66
2840,2350.45
2850,2352.46
2860,2367.58
2870,2374.29
2880,2375.29
2890,2392.14
2900,2393.18
2910,2408.88
2920,2415.75
2930,2421.89
2940,2426.74
2950,2437.64
2960,2444.44
2970,2446.47
2980,2462.46
2990,2471.79
3000,2481.11
3010,2491.55
3020,2501.06
3030,2511.05
3040,2519.91
3050,2527.12
3060,2534.07
3070,2540.5
3080,2550.11
3090,2557.25
3100,2559.28
3110,2574.55
3120,2576.55
3130,2592.2
3140,2605.45
3150,2607.47
3160,2623.07
3170,2627
3180,2641.15
3190,2643.05
3200,2657.67
3210,2659.69
3220,2675.52
3230,2682.13
3240,2684.16
3250,2698.52
3260,2700.55
3270,2715.91
3280,2717.94
3290,2733.48
3300,2740.28
3310,2746.58
3320,2749.7
3330,2763.44
3340,2765.44
3350,2782.83
3360,2789.52
3370,2797.21
3380,2798.25
3390,2813.6
3400,2823.23
3410,2826.29
3420,2842.35
3430,2843.38
3440,2860.08
3450,2866.14
3460,2872.63
3470,2878.99
3480,2885.31
3490,2891.58
3500,2897.93
3510,2900.47
3520,2915.25
3530,2918.24
3540,2935.2
3550,2942.67
3560,2949.59
3570,2951.9
3580,2967.5
3590,2976.54
3600,2988.52
3610,3001
3620,3010.05
3630,3018.16
3640,3026.16
3650,3027.2
3660,3045.23
3670,3051.22
3680,3057.85
3690,3065.86
3700,3073.28
3710,3082.16
3720,3090.9
3730,3093.9
3740,3103.78
3750,3117.21
3760,3118.24
3770,3135.49
3780,3142.09
3790,3148.69
3800,3150.8
3810,3167.22
3820,3175.31
3830,3182.11
3840,3185.23
3850,3199.86
3860,3205.94
3870,3212.42
3880,3215.41
3890,3226.34
3900,3241.87
3910,3242.9
3920,3260.05
3930,3262.09
3940,3278.95
3950,3288.5
3960,3299.06
3970,3300.09
3980,3317.25
3990,3323.27
4000,3329.72
4010,3338.72
4020,3339.75
4030,3356.86
4040,3363.32
4050,3371.68
4060,3379.01
4070,3385.55
4080,3391.98
4090,3398.46
4100,3405.9
4110,3407.93
4120,3423.58
4130,3425.64
4140,3447.61
4150,3464.11
4160,3474.34
4170,3496.73
4180,3510.73
4190,3522.24
4200,3530.78
4210,3536.97
4220,3538.99
4230,3556.14
4240,3563.38
4250,3569.4
4260,3571.83
4270,3588.75
4280,3596.98
4290,3605.94
4300,3607.93
4310,3624.79
4320,3633.43
4330,3640.13
4340,3641.16
4350,3659.05
4360,3667.45
4370,3676.54
4380,3677.57
4390,3695.8
4400,3703.47
4410,3710.22
4420,3718.44
4430,3725.77
4440,3726.8
4450,3744.72
4460,3753.1
4470,3764.01
4480,3765.04
4490,3782.87
4500,3791.36
4510,3798.39
4520,3805.04
4530,3811.65
4540,3818.24
4550,3825.89
4560,3836.94
4570,3838.9
4580,3857.77
4590,3866.03
4600,3873.11
4610,3874.14
4620,3891.03
4630,3898.56
4640,3905.32
4650,3906.35
4660,3924.27
4670,3931.68
4680,3938.59
4690,3939.63
4700,3956.88
4710,3957.91
4720,3975.15
4730,3983.81
4740,3994.29
4750,4004.72
4760,4015.9
4770,4024.93
4780,4033.9
4790,4041.41
4800,4058.79
4810,4066.82
4820,4067.79
4830,4085.07
4840,4092.06
4850,4101.58
4860,4108.29
4870,4114.94
4880,4121.59
4890,4137.05
4900,4156.36
4910,4169.5
4920,4188.8
4930,4195.69
4940,4209.08
4950,4214.89
4960,4224.02
4970,4226.01
4980,4241.73
4990,4243.76
5000,4259.4
5010,4273.25
5020,4277.04
5030,4292.61
5040,4299.58
5050,4306.26
5060,4313.01
5070,4319.7
5080,4326.36
5090,4333.12
5100,4335.15
5110,4353.67
5120,4363.19
5130,4370.77
5140,4377.78
5150,4384.48
5160,4391.18
5170,4393.14
5180,4411.1
5190,4418.1
5200,4426.64
5210,4433.77
5220,4440.85
5230,4447.59
5240,4454.32
5250,4461.47
5260,4469.56
5270,4479.62
5280,4492.76
5290,4503.35
5300,4514.58
5310,4524.87
5320,4532.88
5330,4539.9
5340,4546.81
5350,4548.86
5360,4565.67
5370,4573.91
5380,4577.48
5390,4592.31
5400,4600.18
5410,4608.74
5420,4616.61
5430,4623.5
5440,4624.54
5450,4640.18
5460,4658.54
5470,4672.14
5480,4674.14
5490,4691.85
5500,4699.22
5510,4706.2
5520,4713.17
5530,4720.12
5540,4727.02
5550,4729.05
5560,4749.11
5570,4755.8
5580,4769.05
5590,4778.38
5600,4787.01
5610,4789.04
5620,4805.76
5630,4818.52
5640,4827.19
5650,4834.39
5660,4841.25
5670,4843.28
5680,4858.91
5690,4873.65
5700,4883.9
5710,4884.9
5720,4903.82
5730,4903.82
5740,4923.28
5750,4932.25
5760,4940.17
5770,4947.66
5780,4954.84
5790,4964.31
5800,4976.41
5810,4989.22
5820,4999.93
5830,5011.65
5840,5021.21
5850,5032.58
5860,5041.2
5870,5048.65
5880,5055.7
5890,5063.01
5900,5064.97
5910,5083.63
5920,5092.65
5930,5099.88
5940,5107.14
5950,5121.07
5960,5128.03
5970,5135
5980,5136
5990,5153.05
6000,5163.98
6010,5171.33
6020,5181.75
6030,5183.77
6040,5199.43
6050,5214.83
6060,5225.28
6070,5234.79
6080,5243.2
6090,5250.4
6100,5257.48
6110,5264.37
6120,5271.36
6130,5278.38
6140,5285.32
6150,5292.3
6160,5299.47
6170,5306.68
6180,5307.68
6190,5323.36
6200,5335.04
6210,5342
6220,5349.13
6230,5356.69
6240,5366.51
6250,5374.15
6260,5390.69
6270,5401.87
6280,5410.88
6290,5422.39
6300,5432.57
6310,5445.26
6320,5451.34
6330,5469.35
6340,5483.28
6350,5491.12
6360,5503.12
6370,5513.38
6380,5514.89
6390,5532.96
6400,5541.05
6410,5549.38
6420,5557.31
6430,5565.7
6440,5574.1
6450,5581.61
6460,5588.78
6470,5595.89
6480,5603.04
6490,5610.14
6500,5617.8
6510,5623.84
6520,5634.12
6530,5635.12
6540,5652.14
6550,5668.91
6560,5678.61
6570,5681.81
6580,5697.42
6590,5713.2
6600,5715.16
6610,5732.86
6620,5741.26
6630,5750.94
6640,5760.2
6650,5770.21
6660,5779.97
6670,5788.63
6680,5796.26
6690,5803.57
6700,5804.57
6710,5825.49
6720,5833.11
6730,5840.24
6740,5847.29
6750,5854.71
6760,5857.66
6770,5874.47
6780,5882.73
6790,5890.35
6800,5897.56
6810,5904.87
6820,5905.87
6830,5921.5
6840,5936.35
6850,5945.05
6860,5952.78
6870,5960.2
6880,5971.71
6890,5982.4
6900,5993.98
6910,6006.13
6920,6017.31
6930,6022.86
6940,6039.83
6950,6052.09
6960,6064.53
6970,6077.06
6980,6090.21
6990,6100.68
7000,6108.5
7010,6119.51
7020,6130.46
7030,6140.61
7040,6148.96
7050,6156.27
7060,6163.61
7070,6171.03
7080,6178.4
7090,6185.7
7100,6193.98
7110,6200.62
7120,6208.3
7130,6218.57
7140,6223.07
7150,6237.09
7160,6244.66
7170,6252.19
7180,6253.19
7190,6268.86
7200,6282.54
7210,6290.25
7220,6297.65
7230,6305.03
7240,6308.94
7250,6320.98
7260,6322.94
7270,6339.74
7280,6352.41
7290,6360.23
7300,6367.62
7310,6377.1
7320,6387.5
7330,6396.38
7340,6404.14
7350,6411.58
7360,6419.26
7370,6422.36
7380,6442.13
7390,6448.06
7400,6468.07
7410,6477.36
7420,6490.71
7430,6502.81
7440,6514.67
7450,6527.03
7460,6532.39
7470,6551.15
7480,6559.92
7490,6578.09
7500,6589.99
7510,6600.6
7520,6609.64
7530,6617.47
7540,6622.17
7550,6637.98
7560,6646.23
7570,6653.77
7580,6661.24
7590,6668.88
7600,6674.9
7610,6689.21
7620,6699.15
7630,6708.27
7640,6714.94
7650,6722.47
7660,6737.8
7670,6738.76
7680,6754.41
7690,6773.46
7700,6784.52
7710,6793.59
7720,6801.61
7730,6809.14
7740,6816.6
7750,6825.65
7760,6832.8
7770,6840.22
7780,6847.7
7790,6855.17
7800,6862.67
7810,6870.1
7820,6877.54
7830,6885.04
7840,6892.48
7850,6894.44
7860,6910.11
7870,6924.19
7880,6932.65
7890,6939.44
7900,6947.07
7910,6949.04
7920,6971.29
7930,6984.37
7940,6996.01
7950,7009.57
7960,7021.99
7970,7033.46
7980,7040.7
7990,7048.28
8000,7056.03
8010,7063.6
8020,7071.18
8030,7078.71
8040,7088.71
8050,7095.56
8060,7104.12
8070,7110.81
8080,7118.37
8090,7125.94
8100,7133.55
8110,7141.14
8120,7148.72
8130,7156.34
8140,7165.08
8150,7172.2
8160,7180.93
8170,7185.19
8180,7203.63
8190,7218.35
8200,7221.41
8210,7238.44
8220,7249.93
8230,7258.61
8240,7268.27
8250,7276.51
8260,7284.3
8270,7292.85
8280,7299.44
8290,7307.19
8300,7307.19
8310,7323.27
8320,7330.91
8330,7338.58
8340,7346.24
8350,7358.82
8360,7365.56
8370,7377.8
8380,7389.12
8390,7396.86
8400,7405.58
8410,7412.21
8420,7420.66
8430,7432.14
8440,7443.91
8450,7457.01
8460,7469.24
8470,7484.47
8480,7498.88
8490,7509.64
8500,7522.29
8510,7535.28
8520,7548.89
8530,7556.73
8540,7564.91
8550,7572.73
8560,7580.44
8570,7588.14
8580,7595.84
8590,7603.54
8600,7612.25
8610,7620.02
8620,7621.05
8630,7637.85
8640,7656.44
8650,7670.59
8660,7680.57
8670,7690.78
8680,7700.99
8690,7711.17
8700,7721.27
8710,7731.4
8720,7740.86
8730,7750.05
8740,7766.69
8750,7777.75
8760,7792.9
8770,7804.9
8780,7820.77
8790,7831.49
8800,7844.69
8810,7857.9
8820,7872.06
8830,7888.88
8840,7898.38
8850,7909.13
8860,7919.77
8870,7929.37
8880,7938.69
8890,7947.61
8900,7957.95
8910,7971.33
8920,7982.89
8930,7991.73
8940,8003.03
8950,8015.43
8960,8021.66
8970,8029.16
8980,8041.14
8990,8048.98
9000,8056.81
9010,8064.65
9020,8072.55
9030,8080.4
9040,8088.19
9050,8096.01
9060,8103.79
9070,8111.6
9080,8119.68
9090,8128.51
9100,8135.61
9110,8143.44
9120,8151.33
9130,8159.35
9140,8172.7
9150,8187.04
9160,8199.15
9170,8212.46
9180,8228.8
9190,8234.02
9200,8252.09
9210,8267.6
9220,8267.6
9230,8286.55
9240,8302.18
9250,8310.2
9260,8319.11
9270,8326.12
9280,8334.59
9290,8341.95
9300,8349.84
9310,8357.69
9320,8365.58
9330,8374.49
9340,8383.38
9350,8390.92
9360,8398.87
9370,8406.81
9380,8414.68
9390,8420.23
9400,8431.69
9410,8439.58
9420,8448.49
9430,8455.59
9440,8464.54
9450,8473.62
9460,8485.44
9470,8495.92
9480,8511.19
9490,8518.57
9500,8532.92
9510,8545.33
9520,8554.81
9530,8565.87
9540,8575.17
9550,8583.77
9560,8592.76
9570,8602.27
9580,8610.21
9590,8619.4
9600,8621.39
9610,8639.21
9620,8657.97
9630,8671.2
9640,8684.88
9650,8698.52
9660,8712.14
9670,8725.72
9680,8739.47
9690,8755.63
9700,8764.75
9710,8780.81
9720,8789.8
9730,8799.31
9740,8814.39
9750,8819.73
9760,8836.44
9770,8854.8
9780,8869.66
9790,8880.3
9800,8890.93
9810,8901.98
9820,8913.03
9830,8923.67
9840,8934.75
9850,8945.83
9860,8956.87
9870,8966.78
9880,8976.92
9890,8986.86
9900,8999.32
9910,9008.11
9920,9022.2
9930,9032.49
9940,9041.81
9950,9050.17
9960,9058.59
9970,9066.99
9980,9075.36
9990,9083.7
10000,9092.19
