0,0
100,7.667
200,20.153
300,33.756
400,50.853
500,64.931
600,73.882
700,84.019
800,91.539
900,100.416
1000,106.425
1100,115.326
1200,122.004
1300,130.839
1400,140.031
1500,152.921
1600,164.332
1700,169.414
1800,180.718
1900,192.987
2000,200.762
2100,210.437
2200,215.114
2300,226.423
2400,237.355
2500,251.072
2600,288.444
2700,321.319
2800,331.172
2900,338.647
3000,345.975
3100,368.981
3200,375.064
3300,380.543
3400,386.393
3500,390.345
3600,398.308
3700,406.314
3800,415.185
3900,421.237
4000,428.607
4100,433.779
4200,443.623
4300,461.918
4400,462.915
4500,470.758
4600,477.804
4700,484.798
4800,492.805
4900,501.802
5000,511.989
5100,515.989
5200,527.508
5300,534.943
5400,543.041
5500,551.019
5600,562.423
5700,567.302
5800,578.817
5900,586.832
6000,595.437
6100,603.11
6200,611.097
6300,618.255
6400,626.834
6500,631.812
6600,639
6700,645.947
6800,653.007
6900,663.616
7000,668.873
7100,679.218
7200,682.942
7300,692.757
7400,702.121
7500,709.772
7600,719.831
7700,729.095
7800,735.989
7900,746.961
8000,754.408
8100,764.814
8200,771.008
8300,778.865
8400,786.562
8500,793.834
8600,801.832
8700,806.828
8800,812.821
8900,819.856
9000,827.486
9100,837.078
9200,844.872
9300,852.078
9400,859.422
9500,876.197
9600,881.139
9700,895.031
9800,903.116
9900,917.848
10000,929.991
0,0
100,9.065
200,14.156
300,22.542
400,29.375
500,37.451
600,51.537
700,55.54
800,65.738
900,73.872
1000,81.915
1100,87.927
1200,97.009
1300,105.065
1400,113.021
1500,119.948
1600,127.881
1700,134.72
1800,140.729
1900,147.497
2000,157.207
2100,166.632
2200,182.689
2300,189.509
2400,196.992
2500,202.059
2600,208.886
2700,216.104
2800,225.672
2900,233.688
3000,239.072
3100,246.249
3200,256.306
3300,262.883
3400,272.461
3500,276.496
3600,282.726
3700,282.726
3800,298.215
3900,298.215
4000,311.103
4100,311.103
4200,327.94
4300,327.94
4400,341.452
4500,341.452
4600,355.761
4700,355.761
4800,374.607
4900,383.468
5000,387.542
5100,395.104
5200,395.104
5300,408.152
5400,408.152
5500,421.105
5600,421.105
5700,436.51
5800,436.51
5900,448.986
6000,448.986
6100,464
6200,464
6300,482.994
6400,485.472
6500,485.472
6600,500.929
6700,510.874
6800,513.086
6900,513.086
7000,526.712
7100,526.712
7200,541.139
7300,541.139
7400,553.522
7500,553.522
7600,567.414
7700,580.654
7800,588.309
7900,588.309
8000,595.267
8100,595.267
8200,609.826
8300,619.487
8400,622.039
8500,622.039
8600,638.824
8700,645.851
8800,652.295
8900,662.179
9000,667.779
9100,667.779
9200,686.963
9300,694.735
9400,700.244
9500,700.244
9600,712.937
9700,712.937
9800,727.108
9900,737.763
10000,737.763
0,0
100,4.202
200,14.368
300,18.557
400,34.65
500,43.681
600,52.927
700,60.345
800,68.961
900,75.035
1000,82.337
1100,91.862
1200,97.841
1300,97.841
1400,110.078
1500,110.078
1600,139.643
1700,146.515
1800,160.626
1900,161.626
2000,161.626
2100,184.265
2200,184.265
2300,197.668
2400,210.156
2500,212.259
2600,230.686
2700,240.879
2800,244.364
2900,244.364
3000,257.005
3100,270.744
3200,272.771
3300,272.771
3400,292.941
3500,301.278
3600,308.575
3700,317.866
3800,325.56
3900,334.691
4000,337.306
4100,346.123
4200,346.123
4300,365.252
4400,373.218
4500,382.759
4600,382.759
4700,393.289
4800,393.289
4900,412.987
5000,423.333
5100,425.221
5200,440.047
5300,444.612
5400,444.612
5500,456.273
5600,456.273
5700,472.489
5800,485.476
5900,492.905
6000,503.535
6100,514.943
6200,515.942
6300,515.942
6400,532.505
6500,553.382
6600,569.138
6700,571.169
6800,585.059
6900,588.6
7000,588.6
7100,604.734
7200,617.333
7300,618.333
7400,618.333
7500,636.037
7600,653.306
7700,658.477
7800,668.157
7900,668.157
8000,686.177
8100,686.177
8200,700.033
8300,700.033
8400,716.277
8500,729.143
8600,730.143
8700,730.143
8800,748.146
8900,756.306
9000,761.948
9100,761.948
9200,784.535
9300,793.093
9400,802.34
9500,809.02
9600,814.81
9700,824.014
9800,824.014
9900,834.35
10000,850.792
0,0
100,5.673
200,12.646
300,19.669
400,27.317
500,33.454
600,44.889
700,51.067
800,62.482
900,71.556
1000,79.803
1100,88.369
1200,94.478
1300,102.803
1400,110.803
1500,119.957
1600,129.496
1700,135.329
1800,147.286
1900,152.599
2000,164.599
2100,180.418
2200,186.783
2300,195.714
2400,202.18
2500,211.275
2600,221.29
2700,229.984
2800,234.316
2900,243.486
3000,253.75
3100,260.245
3200,274.006
3300,282.51
3400,291.702
3500,296.749
3600,305.84
3700,317.189
3800,322.623
3900,331.917
4000,342.109
4100,354.158
4200,363.344
4300,372.953
4400,384.814
4500,396.371
4600,405.647
4700,417.101
4800,424.164
4900,434.041
5000,440.77
5100,449.051
5200,457.102
5300,465.05
5400,483.534
5500,494.488
5600,500.036
5700,509.092
5800,517.092
5900,527.659
6000,537.991
6100,546.452
6200,552.057
6300,562.871
6400,568.88
6500,590.55
6600,597.097
6700,605.087
6800,614.186
6900,625.822
7000,631.227
7100,640.395
7200,653.497
7300,662.737
7400,667.303
7500,675.553
7600,685.263
7700,694.051
7800,700.128
7900,709.216
8000,718.298
8100,726.195
8200,735.377
8300,741.816
8400,759.606
8500,764.244
8600,782.865
8700,795.752
8800,807.878
8900,813.6
9000,818.816
9100,818.816
9200,835.202
9300,853.784
9400,853.784
9500,864.493
9600,881.321
9700,890.496
9800,890.496
9900,905.418
10000,905.418
0,0
100,6.452
200,20.314
300,34.515
400,57.467
500,68.202
600,79.461
700,86.592
800,98.472
900,107.487
1000,115.548
1100,128.829
1200,136.541
1300,152.553
1400,164.461
1500,174.112
1600,181.791
1700,193.221
1800,201.187
1900,214.636
2000,220.712
2100,232.804
2200,243.289
2300,251.382
2400,254.578
2500,272.287
2600,274.281
2700,274.281
2800,289.708
2900,305.191
3000,314.335
3100,323.484
3200,332.945
3300,334.972
3400,354.599
3500,362.467
3600,370.267
3700,378.173
3800,384.575
3900,391.527
4000,407.526
4100,418.423
4200,427.408
4300,434.463
4400,435.461
4500,454.205
4600,468.309
4700,473.494
4800,485.661
4900,494.831
5000,502.475
5100,512.629
5200,520.397
5300,530.12
5400,538.086
5500,547.431
5600,558.289
5700,569.034
5800,579.52
5900,592.227
6000,602.94
6100,612.309
6200,624.678
6300,634.641
6400,642.137
6500,656.763
6600,672.675
6700,682.264
6800,689.093
6900,701.135
7000,709.428
7100,718.465
7200,725.852
7300,738.398
7400,746.454
7500,759.626
7600,768.305
7700,774.496
7800,785.08
7900,793.028
8000,805.25
8100,814.363
8200,823.993
8300,835.571
8400,843.297
8500,851.574
8600,870.745
8700,877.849
8800,891.477
8900,901.79
9000,908.929
9100,921.917
9200,931.733
9300,943.524
9400,953.514
9500,965.69
9600,976.896
9700,987.518
9800,996.818
9900,1005.16
10000,1018.26
0,0
100,9.074
200,18.013
300,30.009
400,39.432
500,51.294
600,63.221
700,72.576
800,86.212
900,96.742
1000,99.388
1100,114.27
1200,123.573
1300,133.552
1400,140.669
1500,152.957
1600,163.517
1700,165.52
1800,184.814
1900,189.027
2000,197.812
2100,197.812
2200,215.841
2300,215.841
2400,231.753
2500,247.413
2600,257.204
2700,262.447
2800,275.529
2900,289.32
3000,301.988
3100,311.727
3200,325.584
3300,335.783
3400,345.833
3500,352.339
3600,357.422
3700,373.174
3800,373.174
3900,393.925
4000,395.921
4100,411.61
4200,413.257
4300,428.949
4400,431.871
4500,448.728
4600,450.764
4700,450.764
4800,469.811
4900,469.811
5000,489.606
5100,489.606
5200,502.967
5300,502.967
5400,519.893
5500,519.893
5600,536.859
5700,536.859
5800,552.184
5900,567.852
6000,570.397
6100,588.114
6200,599.005
6300,601.035
6400,616.74
6500,618.405
6600,634.3
6700,646.281
6800,657.952
6900,667.426
7000,669.423
7100,686.181
7200,706.077
7300,708.59
7400,725.404
7500,725.404
7600,737.7
7700,754.936
7800,755.97
7900,771.663
8000,774.316
8100,789.967
8200,803.844
8300,803.844
8400,820.652
8500,833.338
8600,833.338
8700,849.791
8800,849.791
8900,865.928
9000,879.823
9100,881.852
9200,905.558
9300,905.558
9400,915.388
9500,915.388
9600,933.014
9700,933.014
9800,947.852
9900,961.923
10000,970.749
0,0
100,10.13
200,17.076
300,26.409
400,36.652
500,44.008
600,52.224
700,61.436
800,71.303
900,78.068
1000,86.901
1100,95.213
1200,104.078
1300,112.853
1400,119.18
1500,126.317
1600,132.653
1700,143.086
1800,153.091
1900,159.52
2000,166.833
2100,169.85
2200,184.22
2300,186.216
2400,202.886
2500,206.822
2600,206.822
2700,221.614
2800,235.572
2900,242.784
3000,249.069
3100,259.16
3200,269.94
3300,274.707
3400,274.707
3500,287.564
3600,287.564
3700,315.658
3800,325.13
3900,333.862
4000,340.022
4100,346.058
4200,358.512
4300,363.824
4400,375.769
4500,385.499
4600,395.467
4700,404.228
4800,413.522
4900,416.57
5000,431.145
5100,432.177
5200,447.818
5300,450.263
5400,467.165
5500,469.375
5600,485.046
5700,501.713
5800,516.511
5900,522.015
6000,533.895
6100,535.891
6200,556.411
6300,557.407
6400,574.257
6500,574.257
6600,590.15
6700,606.975
6800,616.539
6900,625.708
7000,635.01
7100,637.006
7200,657.767
7300,658.766
7400,672.522
7500,686.946
7600,698.97
7700,700.002
7800,718.59
7900,723.066
8000,723.066
8100,739.274
8200,754.968
8300,758.097
8400,775.111
8500,778.029
8600,793.786
8700,795.781
8800,811.844
8900,820.041
9000,828.463
9100,828.463
9200,843.997
9300,843.997
9400,859.284
9500,874.06
9600,876.055
9700,889.972
9800,890.972
9900,906.171
10000,907.172
0,0
100,12.022
200,21.244
300,29.417
400,39.029
500,45.284
600,56.405
700,68.03
800,81.447
900,94.743
1000,105.05
1100,115.175
1200,121.172
1300,121.172
1400,138.396
1500,138.396
1600,155.989
1700,172.718
1800,178.516
1900,194.727
2000,203.478
2100,214.008
2200,221.682
2300,232.02
2400,244.237
2500,256.088
2600,258.083
2700,278.176
2800,283.607
2900,292.711
3000,303.339
3100,305.446
3200,321.317
3300,323.342
3400,339.038
3500,341.999
3600,358.816
3700,361.276
3800,381.945
3900,401.183
4000,412.143
4100,415.165
4200,430.848
4300,432.419
4400,450.474
4500,455.217
4600,472.022
4700,487.996
4800,490.286
4900,505.976
5000,508.191
5100,508.191
5200,530.345
5300,532.477
5400,532.477
5500,545.595
5600,545.595
5700,557.721
5800,557.721
5900,571.291
6000,589.268
6100,589.268
6200,597.653
6300,597.653
6400,609.646
6500,609.646
6600,625.208
6700,625.208
6800,637.253
6900,637.253
7000,653.208
7100,665.083
7200,675.066
7300,692.847
7400,693.846
7500,713.381
7600,725.084
7700,733.945
7800,739.793
7900,748.291
8000,761.545
8100,772.957
8200,792.264
8300,793.259
8400,810.491
8500,823.508
8600,844.436
8700,847.427
8800,866.486
8900,877.545
9000,890.931
9100,900.767
9200,900.767
9300,916.175
9400,933.948
9500,947.219
9600,949.247
9700,965.999
9800,967.99
9900,983.664
10000,1000.62
0,0
100,12.126
200,21.606
300,27.906
400,41.879
500,50.411
600,60.312
700,71.492
800,85.467
900,98.332
1000,109.547
1100,117.806
1200,130.008
1300,142.962
1400,152.655
1500,164.195
1600,175.138
1700,196.249
1800,204.182
1900,218.574
2000,228.914
2100,240.914
2200,251.654
2300,259.436
2400,270.132
2500,291.065
2600,299.31
2700,314.108
2800,324.655
2900,338.889
3000,347.957
3100,361.168
3200,370.269
3300,384.133
3400,398.164
3500,411.256
3600,419.241
3700,432.488
3800,442.122
3900,455.464
4000,467.463
4100,480.874
4200,494.461
4300,503.216
4400,514.91
4500,526.27
4600,536.314
4700,549.425
4800,558.506
4900,568.614
5000,579.891
5100,602.224
5200,614.024
5300,622.02
5400,635.208
5500,640.913
5600,656.29
5700,657.29
5800,672.929
5900,672.929
6000,692.442
6100,716.466
6200,725.147
6300,735.759
6400,737.786
6500,754.819
6600,757.18
6700,772.851
6800,772.851
6900,802.802
7000,817.424
7100,819.42
7200,835.124
7300,850.114
7400,852.308
7500,868.003
7600,872.695
7700,890.822
7800,907.392
7900,910.191
8000,929.376
8100,943.516
8200,952.632
8300,962.996
8400,962.996
8500,976.029
8600,995.625
8700,1006.24
8800,1015.81
8900,1026.12
9000,1035.3
9100,1044.58
9200,1060.25
9300,1064.11
9400,1081.41
9500,1085.74
9600,1109.48
9700,1114.19
9800,1114.19
9900,1132.62
10000,1146.05
0,0
100,10.571
200,21.681
300,35.06
400,45.274
500,51.297
600,62.482
700,71.596
800,80.783
900,90.652
1000,99.859
1100,111.146
1200,119.431
1300,128.842
1400,137.425
1500,142.412
1600,149.667
1700,163.836
1800,171.708
1900,185.459
2000,199.846
2100,210.425
2200,221.656
2300,235.742
2400,246.89
2500,259.044
2600,270.103
2700,278.834
2800,289.92
2900,301.598
3000,310.841
3100,318.73
3200,334.17
3300,343.228
3400,351.243
3500,362.659
3600,377.156
3700,388.619
3800,397.429
3900,413.612
4000,419.625
4100,434.245
4200,448.109
4300,455.543
4400,466.955
4500,478.821
4600,492.425
4700,502.613
4800,514.541
4900,526.294
5000,537.071
5100,561.455
5200,576.872
5300,588.68
5400,601.631
5500,609.752
5600,620.403
5700,636.02
5800,649.574
5900,661.754
6000,671.357
6100,681.955
6200,691.914
6300,700.952
6400,713.177
6500,721.608
6600,732.11
6700,750.217
6800,763.475
6900,775.25
7000,786.748
7100,797.635
7200,808.118
7300,818.99
7400,829.49
7500,836.983
7600,847.815
7700,858.088
7800,866.164
7900,879.205
8000,887.555
8100,897.49
8200,903.56
8300,916.616
8400,931.473
8500,944.394
8600,954.253
8700,963.416
8800,970.064
8900,977.558
9000,983.78
9100,996.399
9200,1004.69
9300,1016.75
9400,1027.47
9500,1033.64
9600,1043.35
9700,1054.43
9800,1062.05
9900,1069.53
10000,1077.41
0,0
100,7.979
200,14.959
300,24.931
400,32.91
500,48.866
600,60.835
700,66.819
800,73.799
900,79.783
1000,86.765
1100,92.441
1200,99.422
1300,105.445
1400,111.43
1500,117.375
1600,123.4
1700,129.381
1800,136.339
1900,142.307
2000,148.291
2100,155.289
2200,162.292
2300,168.274
2400,174.261
2500,180.206
2600,187.187
2700,194.169
2800,201.15
2900,207.134
3000,214.115
3100,221.213
3200,228.197
3300,236.177
3400,244.156
3500,252.134
3600,265.1
3700,272.124
3800,279.099
3900,286.079
4000,293.062
4100,300.044
4200,307.024
4300,314.006
4400,320.989
4500,327.968
4600,334.952
4700,341.893
4800,349.873
4900,357.859
5000,365.83
5100,373.582
5200,381.522
5300,388.546
5400,396.482
5500,403.5
5600,410.482
5700,418.468
5800,425.443
5900,432.423
6000,443.357
6100,453.332
6200,472.317
6300,482.253
6400,491.23
6500,501.202
6600,509.218
6700,517.159
6800,526.137
6900,535.174
7000,544.132
7100,553.066
7200,568.024
7300,577.048
7400,586.018
7500,594.952
7600,604.924
7700,612.903
7800,620.921
7900,628.869
8000,635.883
8100,643.863
8200,651.799
8300,658.821
8400,671.774
8500,679.762
8600,687.742
8700,695.719
8800,702.701
8900,710.679
9000,718.626
9100,725.641
9200,733.62
9300,741.599
9400,748.577
9500,756.556
9600,764.498
9700,774.473
9800,781.492
9900,787.478
10000,793.421
0,0
100,5.986
200,12.965
300,22.977
400,28.922
500,38.898
600,45.877
700,54.902
800,62.884
900,70.816
1000,76.794
1100,82.778
1200,90.757
1300,95.743
1400,102.726
1500,108.709
1600,113.695
1700,120.678
1800,125.664
1900,131.647
2000,138.629
2100,143.615
2200,148.602
2300,156.62
2400,163.59
2500,170.544
2600,176.529
2700,182.511
2800,189.494
2900,195.477
3000,201.461
3100,208.443
3200,213.428
3300,223.403
3400,233.376
3500,244.345
3600,255.316
3700,265.29
3800,276.261
3900,286.235
4000,295.209
4100,301.195
4200,307.178
4300,313.162
4400,320.146
4500,326.314
4600,332.298
4700,339.281
4800,345.302
4900,351.25
5000,358.233
5100,365.21
5200,373.19
5300,381.167
5400,389.148
5500,395.132
5600,403.112
5700,410.09
5800,416.074
5900,424.093
6000,437.255
6100,452.918
6200,452.918
6300,468.504
6400,468.504
6500,484.167
6600,484.167
6700,499.785
6800,499.785
6900,515.409
7000,515.409
7100,531.033
7200,531.033
7300,531.033
7400,546.652
7500,546.652
7600,546.652
7700,562.232
7800,577.871
7900,577.871
8000,577.871
8100,593.512
8200,593.512
8300,609.137
8400,609.137
8500,609.137
8600,624.757
8700,624.757
8800,624.757
8900,640.394
9000,640.394
9100,640.394
9200,661.45
9300,670.412
9400,682.418
9500,684.808
9600,684.808
9700,684.808
9800,700.43
9900,700.43
10000,717.177
